NUM_LOG,NUM_TYP_ATTACK,NUM_TYP_INN,NUM_ATTACK,NUM_INN,PROP_ATTACK,PROP_INN,MAX_SIZE,MAX_STEP,PROB_EXISTENT_SRC,NUM_ATTACK_DETERMINISTIC,SIMULATION_ID,INCREMENT_PH,DECREMENT_PH,EVAPORATION_RATE,MINIMUM_PH_ATTACK,MINIMUM_PH,INITIAL_PH,NUMBER_OF_DETECTIONS,NUMBER_OF_FP,NUMBER_OF_REAL_DETECTIONS
100000,10,10,13333,13333,40,40,3,10,95,13333,0,110,-110,0,200,100,1000,10852,131,10721
100000,10,10,13333,13333,40,40,3,10,95,13333,0,110,-110,0,200,100,1000,8052,121,7931
100000,10,10,13333,13333,40,40,3,10,95,13333,0,110,-110,0,200,100,1000,8288,133,8155
100000,10,10,13333,13333,40,40,3,10,95,13333,0,110,-110,0,200,100,1000,9484,109,9375
100000,10,10,13333,13333,40,40,3,10,95,13332,0,110,-110,0,200,100,1000,9377,135,9242
100000,10,10,13333,13333,40,40,3,10,95,13333,0,110,-110,0,200,100,1000,9403,111,9292
100000,10,10,13333,13333,40,40,3,10,95,13332,0,110,-110,0,200,100,1000,11853,266,11587
100000,10,10,13333,13333,40,40,3,10,95,13333,0,110,-110,0,200,100,1000,12173,133,12040
100000,10,10,13333,13333,40,40,3,10,95,13333,0,110,-110,0,200,100,1000,12108,126,11982
100000,10,10,13333,13333,40,40,3,10,95,13333,0,110,-110,0,200,100,1000,8250,133,8117
100000,10,10,13333,13333,40,40,3,10,95,13333,0,110,-110,0,200,100,1000,9482,132,9350
